$SPEC_ID:
No sample description was entered.
$SPEC_REM:
DET# 1
DETDESC# DESPICABLEME MCB 131
AP# Maestro Version 7.01
$DATE_MEA:
08/26/2022 15:36:35
$MEAS_TIM:
2879 2926
$DATA:
0 8191
       0
       0
       0
       0
       0
       0
       0
       0
       0
       0
       0
       0
       0
       0
       0
       0
       0
       0
       0
       0
       0
       0
       0
       0
       0
       0
       0
       0
       0
       0
       0
       0
       0
       0
       0
       0
       0
       0
       0
       0
       0
       0
       0
       0
       0
       0
       0
       0
       0
       0
       0
       0
       0
       0
       0
       0
       0
       0
       0
       0
       0
       0
       0
       0
       0
       0
       0
       0
       0
       0
       0
       0
       0
       0
       0
       0
       0
       0
       0
       0
       0
       0
       0
       0
       0
       0
       0
       0
       0
       0
       0
       0
       0
       0
       0
       0
       0
       0
       0
       0
       0
       0
       0
       0
       0
       0
       0
       0
       0
       0
       0
       0
       0
       0
       0
       1
      84
    1964
    3113
    3112
    3195
    3141
    3025
    3218
    3150
    3011
    2987
    3056
    3047
    2976
    2947
    2971
    2945
    2988
    2920
    2887
    2903
    2802
    2952
    2885
    2952
    2866
    2876
    2953
    2824
    2831
    2792
    2690
    2777
    2830
    2808
    2644
    2739
    2833
    2652
    2745
    2675
    2629
    2736
    2576
    2708
    2701
    2654
    2636
    2637
    2713
    2645
    2615
    2609
    2665
    2592
    2551
    2565
    2573
    2597
    2521
    2496
    2553
    2604
    2492
    2558
    2575
    2483
    2570
    2634
    2589
    2564
    2479
    2489
    2472
    2450
    2506
    2449
    2514
    2541
    2439
    2542
    2379
    2477
    2297
    2358
    2443
    2420
    2382
    2476
    2451
    2401
    2409
    2486
    2341
    2376
    2436
    2394
    2267
    2304
    2347
    2260
    2345
    2351
    2343
    2388
    2368
    2363
    2333
    2325
    2363
    2299
    2385
    2377
    2377
    2365
    2306
    2294
    2344
    2277
    2298
    2351
    2363
    2325
    2346
    2361
    2325
    2312
    2377
    2282
    2378
    2310
    2411
    2259
    2352
    2289
    2375
    2448
    2320
    2424
    2354
    2415
    2336
    2260
    2360
    2450
    2391
    2331
    2423
    2367
    2456
    2499
    2468
    2464
    2572
    2537
    2537
    2537
    2535
    2616
    2647
    2656
    2699
    2679
    2668
    2653
    2700
    2742
    2770
    2692
    2643
    2572
    2616
    2540
    2513
    2496
    2417
    2417
    2347
    2243
    2290
    2166
    2182
    2133
    1995
    2094
    2051
    1968
    1938
    1937
    1905
    1834
    1745
    1872
    1884
    1881
    1848
    1714
    1814
    1813
    1857
    1788
    1805
    1787
    1792
    1850
    1785
    1775
    1747
    1708
    1757
    1597
    1692
    1675
    1693
    1672
    1530
    1674
    1557
    1578
    1609
    1563
    1591
    1569
    1520
    1468
    1515
    1530
    1518
    1466
    1498
    1496
    1493
    1427
    1463
    1473
    1426
    1413
    1445
    1417
    1359
    1358
    1434
    1347
    1443
    1396
    1418
    1331
    1343
    1357
    1387
    1359
    1347
    1435
    1451
    1352
    1321
    1382
    1343
    1343
    1368
    1361
    1292
    1339
    1294
    1346
    1277
    1299
    1343
    1290
    1323
    1359
    1391
    1316
    1359
    1370
    1323
    1299
    1328
    1291
    1310
    1231
    1301
    1254
    1236
    1246
    1226
    1314
    1251
    1265
    1280
    1289
    1342
    1237
    1309
    1327
    1290
    1262
    1229
    1245
    1228
    1227
    1186
    1276
    1232
    1275
    1238
    1230
    1263
    1198
    1235
    1255
    1178
    1273
    1235
    1197
    1143
    1199
    1204
    1265
    1196
    1216
    1178
    1203
    1255
    1234
    1236
    1214
    1160
    1178
    1235
    1188
    1243
    1183
    1119
    1172
    1262
    1141
    1237
    1259
    1170
    1186
    1222
    1212
    1146
    1147
    1094
    1189
    1160
    1153
    1237
    1180
    1193
    1188
    1177
    1148
    1179
    1092
    1155
    1162
    1197
    1161
    1120
    1145
    1089
    1183
    1145
    1128
    1130
    1144
    1141
    1096
    1124
    1096
    1128
    1157
    1188
    1135
    1129
    1074
    1155
    1104
    1095
    1128
    1128
    1151
    1131
    1076
    1093
    1093
    1160
    1113
    1117
    1144
    1064
    1061
    1154
    1083
    1060
    1103
    1084
    1129
    1113
    1036
    1054
    1134
    1045
    1099
    1060
    1005
    1114
    1092
    1072
    1075
    1133
    1055
    1101
    1046
    1129
    1072
    1066
    1045
    1104
    1052
    1057
    1029
    1031
    1114
    1083
    1048
    1085
    1025
    1049
    1086
    1040
    1074
    1026
    1047
    1040
    1051
    1054
    1040
    1050
    1049
    1081
    1030
    1001
    1036
    1076
     993
    1022
    1036
    1022
    1011
    1034
    1003
    1013
    1018
    1023
    1035
    1000
     967
    1008
    1049
    1002
     992
     936
    1016
     932
    1009
    1014
    1052
    1006
     955
     999
    1008
    1050
     987
     939
     979
     982
     940
     968
     970
     981
    1015
    1057
     992
     977
     993
     950
    1041
    1040
     977
    1019
     965
     982
     991
     972
     971
    1019
     966
     973
     967
     972
     990
     976
    1052
     930
    1002
     918
     886
     992
     928
     948
     912
     948
     938
     896
     956
     937
     924
     988
     909
     969
     995
    1011
     919
    1038
     953
     935
     973
     942
     958
     930
     979
     912
     954
     894
     921
     983
     981
     961
     889
     880
     924
     906
     982
    1003
     883
     892
     899
     910
     940
     979
     924
     858
     924
     904
     940
     898
     902
     905
     902
     884
     923
     898
     913
     888
     935
     959
     908
     909
     858
     916
     900
     880
     953
     896
     860
     952
     905
     932
     883
     947
     890
     902
     900
     906
     942
     898
     869
     826
     855
     911
     884
     921
     882
     876
     888
     924
     870
     903
     814
     886
     937
     897
     880
     884
     885
     856
     873
     927
     788
     916
     937
     902
     877
     895
     922
     929
     871
     888
     905
     827
     862
     861
     865
     878
     926
     852
     858
     889
     852
     898
     877
     836
     836
     849
     840
     876
     850
     909
     822
     896
     846
     861
     832
     837
     849
     881
     829
     860
     832
     905
     859
     864
     859
     813
     863
     856
     809
     827
     865
     802
     810
     845
     810
     875
     801
     752
     849
     850
     834
     847
     857
     837
     863
     848
     829
     846
     834
     874
     810
     830
     820
     840
     821
     838
     812
     847
     802
     837
     815
     823
     808
     877
     831
     789
     806
     807
     785
     787
     823
     866
     842
     785
     874
     833
     789
     842
     768
     864
     863
     769
     751
     763
     788
     759
     826
     854
     854
     810
     821
     830
     830
     812
     806
     792
     769
     821
     766
     814
     806
     809
     850
     795
     785
     837
     831
     814
     793
     788
     768
     821
     761
     817
     797
     829
     783
     769
     787
     784
     778
     807
     772
     791
     830
     783
     781
     815
     781
     760
     785
     746
     798
     824
     799
     769
     782
     796
     734
     747
     740
     837
     790
     781
     816
     811
     761
     811
     744
     818
     786
     732
     748
     769
     770
     764
     747
     731
     786
     687
     768
     781
     743
     765
     713
     747
     755
     750
     780
     741
     748
     776
     794
     776
     756
     777
     767
     746
     732
     718
     760
     765
     786
     786
     750
     789
     740
     774
     706
     777
     796
     737
     799
     698
     740
     748
     711
     742
     765
     783
     684
     785
     724
     774
     748
     751
     733
     733
     686
     746
     742
     744
     671
     695
     780
     755
     755
     717
     722
     716
     725
     750
     748
     701
     707
     706
     754
     711
     753
     740
     695
     765
     765
     765
     753
     721
     690
     698
     736
     699
     734
     766
     712
     740
     745
     694
     777
     709
     739
     737
     761
     722
     696
     732
     695
     729
     689
     702
     717
     689
     756
     726
     654
     711
     700
     750
     715
     730
     697
     676
     698
     687
     721
     708
     716
     709
     745
     711
     696
     728
     678
     711
     705
     726
     699
     690
     729
     695
     681
     741
     749
     714
     709
     680
     738
     688
     693
     703
     707
     729
     701
     692
     697
     682
     710
     703
     715
     693
     732
     653
     680
     667
     702
     686
     721
     646
     736
     678
     667
     718
     706
     689
     651
     675
     641
     744
     720
     701
     706
     665
     668
     723
     674
     684
     658
     671
     675
     698
     674
     658
     670
     690
     678
     631
     660
     668
     707
     694
     682
     659
     708
     657
     673
     672
     688
     668
     634
     701
     636
     707
     697
     682
     615
     649
     636
     682
     669
     667
     586
     654
     622
     664
     636
     644
     636
     676
     637
     693
     682
     680
     617
     677
     671
     622
     682
     626
     688
     678
     628
     597
     670
     684
     641
     689
     633
     646
     659
     654
     669
     626
     645
     622
     590
     627
     632
     617
     645
     645
     642
     660
     591
     636
     639
     605
     645
     615
     677
     645
     644
     634
     616
     664
     656
     638
     602
     633
     615
     652
     601
     617
     612
     612
     592
     589
     636
     627
     633
     624
     610
     601
     606
     595
     640
     576
     596
     651
     625
     583
     631
     616
     647
     658
     646
     580
     647
     612
     638
     625
     610
     571
     627
     603
     619
     616
     636
     592
     599
     647
     627
     609
     567
     591
     611
     623
     614
     570
     609
     604
     610
     634
     614
     620
     579
     658
     601
     613
     601
     553
     660
     619
     576
     609
     578
     628
     588
     596
     585
     589
     574
     556
     581
     601
     621
     592
     607
     589
     553
     598
     582
     564
     591
     646
     564
     607
     593
     560
     620
     559
     620
     532
     579
     553
     603
     586
     578
     547
     590
     585
     566
     588
     569
     618
     537
     625
     596
     571
     593
     557
     561
     527
     609
     582
     570
     547
     541
     589
     583
     574
     569
     574
     567
     544
     571
     599
     579
     565
     569
     537
     577
     639
     531
     548
     497
     562
     517
     524
     537
     540
     559
     536
     553
     560
     559
     570
     554
     588
     599
     555
     511
     569
     569
     543
     572
     577
     594
     549
     566
     528
     585
     568
     548
     535
     571
     540
     577
     549
     505
     490
     530
     529
     566
     535
     566
     519
     497
     575
     552
     554
     550
     550
     578
     560
     556
     523
     550
     543
     509
     562
     577
     568
     522
     519
     557
     520
     546
     538
     559
     569
     563
     537
     545
     510
     506
     551
     504
     485
     506
     539
     527
     542
     568
     508
     541
     475
     489
     513
     544
     578
     523
     524
     546
     516
     549
     546
     502
     516
     526
     556
     483
     512
     507
     484
     490
     556
     549
     491
     537
     512
     487
     491
     534
     475
     546
     534
     512
     497
     471
     524
     509
     487
     518
     518
     505
     523
     512
     484
     542
     510
     466
     508
     470
     544
     487
     494
     488
     525
     492
     535
     518
     510
     490
     480
     558
     507
     471
     455
     468
     495
     495
     494
     501
     524
     494
     462
     538
     503
     511
     517
     529
     487
     528
     496
     448
     502
     530
     475
     533
     489
     496
     482
     477
     510
     474
     501
     466
     479
     480
     482
     497
     454
     462
     494
     492
     493
     468
     447
     479
     440
     456
     479
     531
     477
     467
     476
     447
     508
     465
     488
     487
     495
     461
     460
     457
     503
     478
     493
     475
     487
     467
     501
     485
     467
     494
     461
     487
     482
     473
     474
     489
     462
     455
     444
     499
     472
     488
     479
     470
     461
     451
     439
     438
     477
     491
     465
     493
     452
     428
     469
     478
     482
     486
     498
     503
     458
     457
     453
     459
     472
     459
     434
     476
     464
     473
     478
     460
     450
     492
     488
     429
     505
     470
     456
     441
     488
     444
     440
     479
     428
     478
     436
     481
     480
     472
     465
     485
     452
     458
     436
     467
     510
     433
     455
     440
     422
     486
     453
     452
     447
     487
     476
     451
     460
     395
     470
     471
     420
     457
     453
     476
     447
     444
     426
     488
     460
     457
     443
     448
     467
     435
     470
     414
     414
     454
     430
     458
     453
     426
     434
     466
     435
     461
     447
     437
     409
     463
     443
     472
     429
     475
     471
     427
     411
     439
     464
     440
     452
     464
     431
     435
     496
     428
     449
     444
     442
     447
     429
     418
     445
     469
     430
     435
     424
     445
     482
     428
     443
     440
     412
     451
     446
     438
     428
     441
     394
     470
     425
     398
     425
     419
     452
     381
     438
     455
     431
     421
     436
     412
     449
     438
     447
     417
     420
     422
     454
     447
     435
     460
     435
     427
     424
     444
     459
     422
     421
     387
     435
     460
     435
     444
     404
     444
     420
     434
     422
     423
     436
     433
     455
     469
     464
     467
     401
     412
     429
     371
     405
     428
     454
     443
     455
     403
     426
     416
     429
     422
     403
     397
     399
     416
     401
     431
     432
     391
     404
     445
     438
     387
     395
     409
     436
     411
     452
     430
     439
     421
     415
     429
     400
     417
     415
     445
     422
     391
     426
     434
     431
     421
     417
     416
     430
     417
     392
     411
     432
     428
     390
     437
     378
     374
     396
     393
     387
     389
     414
     441
     407
     398
     429
     396
     429
     410
     420
     421
     410
     389
     382
     378
     381
     403
     415
     385
     398
     394
     382
     392
     394
     368
     418
     419
     405
     403
     395
     368
     389
     406
     408
     403
     409
     381
     401
     316
     398
     404
     416
     376
     394
     416
     397
     395
     390
     357
     386
     425
     378
     363
     370
     412
     363
     382
     406
     388
     390
     403
     378
     409
     394
     400
     375
     406
     387
     374
     396
     361
     342
     349
     395
     397
     378
     359
     361
     402
     386
     401
     367
     381
     382
     375
     350
     379
     367
     383
     369
     373
     373
     393
     385
     339
     386
     360
     375
     379
     375
     389
     388
     343
     360
     380
     347
     381
     365
     380
     378
     321
     376
     382
     365
     362
     370
     354
     396
     332
     373
     340
     384
     370
     393
     356
     366
     375
     368
     365
     361
     379
     362
     370
     381
     367
     375
     366
     377
     364
     367
     344
     388
     375
     378
     355
     351
     334
     335
     354
     370
     369
     352
     336
     335
     350
     350
     351
     353
     384
     366
     337
     365
     335
     389
     356
     366
     352
     350
     318
     331
     324
     327
     345
     364
     375
     328
     329
     360
     365
     342
     345
     342
     377
     374
     325
     327
     365
     328
     367
     322
     343
     335
     338
     354
     370
     382
     346
     353
     344
     310
     351
     358
     374
     348
     316
     341
     347
     357
     354
     308
     339
     324
     364
     318
     342
     341
     334
     324
     353
     326
     375
     323
     324
     310
     331
     336
     337
     300
     341
     323
     354
     344
     330
     311
     332
     344
     347
     348
     318
     332
     322
     315
     319
     353
     324
     333
     308
     336
     338
     333
     330
     328
     334
     338
     346
     324
     327
     326
     360
     334
     300
     313
     331
     331
     309
     292
     283
     312
     337
     347
     340
     353
     334
     358
     321
     312
     349
     361
     286
     332
     315
     326
     338
     315
     317
     332
     296
     347
     297
     318
     338
     304
     307
     318
     323
     299
     343
     332
     332
     313
     311
     345
     319
     335
     324
     289
     321
     349
     312
     329
     335
     361
     314
     285
     327
     308
     300
     291
     317
     326
     328
     334
     278
     315
     321
     323
     307
     303
     315
     312
     293
     305
     313
     295
     335
     310
     283
     333
     296
     313
     282
     345
     321
     315
     316
     311
     314
     308
     305
     325
     312
     289
     298
     298
     337
     284
     313
     312
     313
     297
     286
     314
     295
     288
     311
     293
     282
     307
     281
     307
     270
     319
     301
     298
     327
     331
     299
     327
     296
     323
     309
     301
     323
     294
     298
     320
     288
     319
     306
     318
     276
     296
     283
     298
     293
     336
     259
     299
     305
     299
     306
     336
     290
     290
     296
     281
     286
     270
     327
     320
     311
     289
     302
     300
     289
     310
     308
     303
     310
     282
     289
     287
     303
     296
     299
     293
     299
     299
     289
     295
     273
     292
     307
     296
     307
     296
     290
     293
     303
     317
     265
     286
     292
     257
     269
     314
     267
     312
     274
     295
     263
     284
     318
     269
     278
     250
     291
     292
     285
     327
     291
     291
     302
     263
     285
     263
     269
     286
     264
     278
     285
     262
     293
     283
     294
     252
     267
     257
     290
     296
     277
     265
     264
     261
     297
     273
     280
     290
     243
     286
     300
     293
     264
     298
     253
     258
     299
     268
     291
     278
     256
     253
     305
     252
     272
     301
     278
     280
     245
     275
     281
     328
     296
     294
     260
     261
     279
     270
     270
     281
     286
     276
     276
     280
     267
     267
     273
     290
     281
     266
     256
     268
     265
     288
     252
     270
     281
     274
     253
     256
     279
     293
     250
     273
     266
     262
     295
     274
     243
     241
     292
     265
     250
     262
     281
     260
     277
     268
     261
     247
     274
     277
     297
     266
     254
     248
     254
     250
     272
     269
     253
     267
     251
     262
     240
     266
     238
     287
     298
     250
     240
     247
     250
     275
     266
     257
     241
     243
     255
     238
     289
     242
     276
     273
     259
     275
     254
     269
     262
     263
     280
     260
     240
     266
     265
     276
     237
     259
     238
     280
     235
     248
     255
     257
     276
     243
     269
     245
     233
     264
     274
     266
     269
     221
     282
     235
     253
     243
     257
     280
     236
     256
     255
     246
     282
     259
     289
     246
     265
     243
     289
     265
     260
     254
     219
     240
     261
     265
     243
     243
     258
     258
     248
     266
     250
     258
     274
     238
     256
     258
     259
     246
     261
     266
     263
     245
     240
     250
     266
     247
     258
     250
     287
     266
     245
     273
     254
     242
     257
     245
     266
     258
     275
     233
     256
     261
     256
     229
     228
     266
     274
     255
     234
     226
     237
     229
     243
     258
     240
     228
     243
     249
     260
     272
     254
     245
     247
     235
     228
     262
     258
     243
     255
     210
     229
     221
     215
     224
     230
     236
     265
     237
     241
     246
     240
     242
     252
     214
     261
     270
     257
     226
     223
     247
     232
     244
     252
     243
     246
     239
     252
     223
     227
     242
     234
     252
     205
     242
     267
     231
     243
     238
     269
     218
     220
     237
     230
     238
     204
     220
     257
     218
     236
     264
     238
     227
     237
     255
     241
     232
     245
     221
     236
     261
     246
     209
     223
     209
     212
     223
     249
     239
     217
     224
     247
     272
     201
     230
     213
     222
     213
     238
     231
     233
     234
     243
     226
     212
     207
     226
     225
     207
     229
     240
     211
     218
     217
     236
     250
     226
     230
     235
     274
     205
     260
     248
     216
     233
     233
     258
     248
     230
     195
     208
     235
     224
     219
     210
     231
     209
     213
     242
     248
     215
     226
     229
     232
     247
     207
     226
     218
     242
     250
     225
     233
     217
     218
     255
     244
     245
     238
     218
     232
     214
     219
     201
     211
     225
     244
     242
     235
     234
     230
     244
     225
     227
     236
     216
     227
     231
     218
     238
     214
     207
     206
     261
     233
     220
     223
     231
     224
     212
     239
     214
     210
     204
     205
     246
     202
     220
     213
     208
     214
     212
     231
     212
     220
     233
     217
     215
     198
     234
     199
     196
     228
     244
     226
     194
     219
     227
     222
     240
     196
     227
     213
     222
     237
     215
     233
     200
     203
     226
     237
     212
     198
     195
     208
     248
     205
     195
     216
     223
     220
     219
     213
     206
     204
     213
     247
     204
     237
     240
     217
     230
     212
     190
     230
     216
     218
     196
     232
     228
     215
     200
     209
     216
     218
     194
     206
     228
     219
     215
     232
     192
     178
     272
     192
     206
     188
     212
     219
     198
     199
     203
     243
     224
     204
     241
     230
     216
     236
     182
     217
     209
     230
     204
     201
     219
     216
     238
     201
     215
     197
     194
     224
     191
     187
     179
     183
     209
     231
     203
     222
     200
     220
     224
     204
     200
     215
     187
     203
     188
     244
     224
     209
     229
     259
     219
     219
     205
     212
     200
     218
     202
     186
     226
     229
     233
     198
     218
     225
     234
     215
     202
     224
     230
     197
     177
     229
     181
     180
     221
     204
     208
     173
     206
     184
     200
     172
     220
     227
     208
     214
     218
     209
     206
     210
     195
     218
     212
     211
     198
     201
     201
     205
     217
     212
     200
     209
     197
     201
     188
     224
     201
     225
     179
     204
     200
     196
     188
     218
     172
     203
     199
     204
     202
     192
     215
     227
     192
     191
     208
     209
     176
     202
     197
     200
     219
     214
     195
     186
     198
     190
     185
     197
     183
     217
     219
     179
     220
     192
     204
     201
     203
     218
     185
     188
     198
     232
     217
     207
     175
     227
     216
     198
     226
     193
     213
     190
     219
     205
     179
     194
     217
     202
     217
     219
     218
     215
     184
     209
     218
     226
     224
     194
     192
     166
     214
     203
     174
     198
     198
     179
     176
     188
     189
     171
     209
     212
     200
     206
     188
     202
     202
     190
     178
     201
     225
     177
     194
     204
     201
     212
     180
     188
     199
     193
     204
     181
     202
     193
     177
     201
     196
     195
     216
     169
     182
     223
     202
     194
     202
     222
     205
     183
     188
     208
     183
     196
     225
     215
     197
     198
     181
     191
     225
     187
     202
     211
     178
     206
     175
     168
     180
     175
     189
     204
     195
     169
     201
     178
     187
     210
     181
     176
     203
     175
     183
     209
     202
     202
     187
     206
     189
     194
     169
     161
     199
     221
     187
     191
     190
     169
     183
     169
     196
     185
     204
     212
     186
     187
     190
     179
     199
     187
     161
     180
     181
     170
     186
     180
     180
     206
     175
     181
     157
     191
     190
     177
     210
     203
     194
     203
     175
     209
     192
     200
     186
     197
     187
     188
     172
     165
     175
     164
     191
     197
     199
     165
     189
     178
     177
     191
     163
     186
     187
     185
     168
     180
     183
     184
     198
     202
     182
     219
     171
     164
     188
     189
     194
     166
     208
     191
     183
     190
     174
     210
     179
     190
     176
     182
     185
     180
     167
     173
     166
     181
     175
     186
     164
     177
     207
     187
     194
     200
     181
     190
     210
     191
     197
     177
     176
     171
     188
     190
     197
     205
     174
     189
     177
     188
     168
     165
     183
     181
     170
     168
     181
     163
     175
     180
     168
     175
     157
     175
     170
     179
     184
     170
     167
     169
     181
     185
     184
     199
     192
     191
     194
     175
     177
     199
     182
     198
     177
     182
     180
     162
     173
     178
     181
     203
     177
     196
     166
     138
     192
     178
     185
     147
     190
     172
     186
     198
     176
     165
     186
     169
     157
     170
     159
     159
     203
     164
     181
     176
     185
     158
     157
     201
     185
     165
     177
     168
     175
     186
     198
     176
     171
     176
     171
     171
     181
     172
     180
     151
     160
     160
     179
     187
     176
     161
     186
     154
     175
     174
     162
     181
     199
     198
     160
     170
     175
     198
     173
     179
     187
     173
     171
     171
     140
     170
     160
     184
     154
     190
     156
     168
     180
     193
     175
     161
     181
     187
     161
     178
     170
     169
     164
     168
     178
     158
     172
     199
     161
     169
     186
     177
     185
     179
     155
     181
     165
     157
     170
     163
     155
     195
     183
     157
     178
     167
     165
     154
     179
     177
     159
     147
     193
     155
     174
     192
     169
     155
     174
     162
     183
     173
     202
     144
     189
     178
     163
     179
     170
     165
     166
     161
     180
     174
     183
     173
     178
     175
     179
     157
     151
     163
     184
     161
     162
     165
     136
     161
     166
     165
     174
     162
     159
     164
     157
     180
     165
     172
     162
     186
     164
     159
     170
     172
     143
     177
     192
     181
     168
     144
     167
     169
     166
     169
     167
     181
     181
     152
     173
     159
     170
     153
     167
     156
     160
     177
     163
     187
     163
     160
     155
     167
     150
     170
     178
     159
     143
     168
     167
     173
     164
     164
     191
     164
     167
     161
     162
     163
     174
     175
     149
     151
     161
     151
     172
     158
     177
     163
     160
     169
     178
     156
     127
     152
     155
     175
     146
     148
     176
     166
     170
     151
     175
     163
     148
     134
     161
     159
     174
     160
     143
     160
     168
     156
     152
     179
     169
     132
     171
     156
     160
     164
     165
     194
     164
     157
     156
     171
     149
     149
     155
     178
     170
     139
     153
     173
     140
     170
     163
     158
     159
     159
     180
     125
     164
     158
     158
     167
     164
     144
     155
     140
     145
     164
     170
     158
     167
     162
     160
     149
     162
     153
     165
     166
     193
     151
     140
     175
     152
     167
     148
     158
     160
     165
     146
     165
     152
     164
     150
     161
     149
     154
     173
     167
     124
     135
     143
     143
     176
     169
     171
     151
     163
     157
     171
     157
     152
     167
     165
     149
     151
     127
     139
     153
     153
     149
     159
     154
     144
     137
     161
     165
     148
     141
     146
     156
     147
     174
     143
     146
     164
     135
     157
     168
     158
     135
     153
     142
     154
     148
     156
     146
     154
     153
     151
     141
     141
     166
     141
     167
     151
     162
     151
     147
     131
     154
     131
     167
     156
     150
     131
     157
     146
     158
     151
     164
     163
     139
     145
     162
     157
     145
     148
     148
     157
     131
     154
     163
     172
     159
     157
     150
     160
     133
     147
     162
     152
     150
     144
     134
     138
     154
     116
     140
     136
     139
     140
     139
     144
     151
     151
     167
     138
     139
     136
     153
     159
     145
     176
     142
     154
     150
     119
     126
     157
     150
     163
     150
     162
     135
     158
     166
     137
     137
     124
     135
     138
     136
     148
     145
     153
     146
     146
     140
     168
     134
     127
     143
     166
     157
     138
     140
     126
     154
     150
     138
     126
     158
     126
     137
     139
     127
     143
     141
     142
     129
     152
     125
     123
     146
     160
     144
     148
     139
     127
     143
     147
     164
     134
     138
     142
     146
     134
     141
     127
     135
     129
     150
     130
     133
     127
     138
     138
     145
     146
     153
     129
     150
     119
     155
     139
     119
     138
     142
     132
     145
     139
     130
     128
     122
     150
     120
     145
     134
     117
     126
     111
     139
     144
     130
     111
     135
     137
     128
     106
     138
     134
     135
     136
     124
     120
     113
     108
     124
     124
     123
     135
     135
     123
     121
     126
     116
     113
     131
     128
     122
     128
     130
     121
     118
     140
     127
     134
     138
     115
     132
     133
     136
     140
     130
     126
     136
     118
     129
     119
     129
     153
     124
     109
     114
     136
     116
     134
     112
     140
     137
     131
     131
     116
     115
     114
     138
     107
     124
     124
     111
     117
     113
     123
     126
     134
     140
     144
     126
     138
     130
     124
     111
     117
     124
     133
     120
     113
     121
     117
     107
     129
     132
     102
     129
     134
     130
     126
     143
     124
     105
     110
     110
     109
     130
     136
     123
     120
     121
     122
     102
     114
     108
     113
      96
     111
     143
     116
     115
     101
     116
     139
     121
      89
     125
     108
     108
     110
     102
      99
     106
     127
     115
     106
     105
     119
     116
     120
     118
     114
     119
     114
     124
     109
     124
     109
     116
     113
     131
     128
     106
     124
     110
     118
     123
     102
     122
      99
     116
     110
     110
     101
     108
     117
     112
     114
     117
     104
     100
     114
     122
     110
     122
     104
     101
     111
     100
     100
     115
     105
     100
     103
     129
      90
     129
     105
     124
      92
      97
     108
     103
      88
     112
     119
     121
      90
      95
      98
     118
      98
      91
     102
     102
      82
     101
      96
      91
     113
     108
      94
     110
     125
     109
     123
      86
     102
     110
      82
      95
      97
     103
     110
      78
      92
      98
     119
     102
     115
      89
     105
     104
      99
     100
      84
     102
      99
      93
     105
      99
      84
     116
     104
      88
      99
     105
     103
      96
      99
      80
     104
      94
      83
      83
      94
     115
      90
      96
     108
      75
      92
      79
      66
      86
     102
     106
     107
      94
      80
      92
     102
     108
     108
      95
      87
      99
     112
     102
      86
      86
     119
      92
      93
      98
      82
      93
      89
      91
      92
      87
      92
      75
      82
      75
     107
     104
      82
      87
      78
      92
     108
      69
      87
      91
      81
      76
     108
      83
      75
      97
      90
      80
      84
      92
      90
      94
      82
      74
      92
      71
      83
      77
      95
      85
      80
      66
      76
      82
      86
      79
      85
      85
      77
      84
      98
      84
      94
      94
      79
      89
      78
      78
      81
      86
      77
      72
      64
      86
      78
      76
      67
      80
      92
      76
      81
      77
      67
      73
      94
      83
      73
      85
      89
      86
      76
      78
      86
      82
      93
      80
      73
      86
      94
      65
      74
      71
      86
      97
      76
      79
      75
      60
      78
      71
      71
      76
      63
      73
      76
      86
      78
      67
      77
      85
      83
      88
      86
      96
      74
      86
      80
      66
      86
      67
      82
      85
      85
      87
      83
      82
      84
      64
      83
      85
      79
      82
      63
      78
      64
      87
      81
      81
      90
      72
      80
      72
      63
      72
      80
      80
      79
      63
      61
      84
      80
      57
      70
      75
      71
      67
      70
      58
      71
      78
      58
      85
      74
      74
      62
      66
      72
      61
      83
      70
      72
      75
      63
      78
      60
      55
      68
      55
      74
      65
      71
      89
      61
      73
      78
      66
      80
      65
      68
      61
      69
      63
      61
      58
      66
      51
      80
      69
      69
      68
      68
      73
      67
      63
      62
      80
      68
      68
      75
      68
      70
      62
      68
      65
      68
      68
      60
      61
      67
      69
      55
      64
      69
      64
      78
      58
      76
      59
      59
      66
      45
      72
      64
      59
      63
      70
      60
      63
      68
      70
      71
      62
      73
      67
      54
      54
      62
      52
      76
      83
      53
      58
      62
      62
      59
      65
      61
      66
      67
      66
      72
      48
      50
      58
      71
      56
      56
      54
      62
      65
      71
      53
      54
      61
      69
      66
      51
      57
      59
      61
      53
      69
      65
      59
      52
      75
      63
      64
      58
      64
      64
      74
      57
      69
      54
      59
      66
      56
      48
      58
      54
      53
      55
      66
      71
      59
      53
      67
      45
      56
      63
      65
      65
      38
      52
      56
      57
      60
      38
      67
      43
      59
      42
      54
      58
      62
      62
      45
      55
      50
      47
      57
      60
      58
      63
      51
      63
      52
      60
      53
      55
      49
      54
      45
      69
      54
      52
      63
      51
      56
      42
      51
      57
      53
      55
      55
      66
      56
      43
      64
      52
      59
      48
      73
      54
      53
      53
      41
      49
      47
      51
      52
      48
      60
      51
      52
      51
      38
      50
      42
      63
      46
      50
      42
      56
      53
      44
      44
      49
      41
      61
      54
      40
      47
      48
      56
      59
      53
      59
      50
      42
      42
      49
      45
      63
      40
      46
      36
      40
      47
      43
      50
      48
      41
      37
      44
      44
      55
      41
      56
      45
      41
      32
      48
      33
      39
      38
      37
      44
      48
      28
      35
      35
      44
      43
      43
      41
      43
      40
      35
      49
      48
      38
      47
      29
      40
      37
      49
      49
      34
      38
      36
      47
      32
      45
      30
      43
      38
      44
      42
      45
      31
      38
      44
      35
      41
      39
      34
      47
      42
      32
      42
      25
      41
      33
      32
      33
      38
      36
      41
      37
      21
      34
      35
      33
      37
      33
      28
      29
      47
      24
      34
      30
      24
      34
      38
      26
      21
      25
      31
      26
      28
      25
      25
      37
      28
      31
      29
      30
      19
      31
      26
      31
      28
      26
      25
      35
      28
      31
      31
      26
      25
      24
      29
      27
      28
      24
      24
      23
      17
      36
      20
      38
      26
      12
      27
      33
      20
      17
      17
      27
      18
      21
      19
      19
      23
      25
      17
      19
      20
      26
      19
      23
      24
      19
      23
      20
      22
      16
      20
      19
      21
      21
      20
      20
      20
      21
      22
      14
      24
      29
      26
      18
      24
      18
      21
      16
      19
      21
      20
      33
      20
      22
      32
      20
      17
      20
      21
      23
      22
      24
      18
      27
      28
      28
      24
      23
      23
      15
      22
      20
      21
      19
      16
      19
      19
      16
      21
      18
      17
      22
      27
      24
      22
      19
      14
      20
      17
      16
      23
      23
      18
      20
      17
      17
      20
      16
      14
      22
      19
      14
      21
      21
      20
      19
      11
      19
      22
      21
      30
      18
      18
      20
      18
      13
      18
      18
      17
      20
      27
      34
      15
      25
      18
      18
      19
      19
      18
      13
      17
      14
      28
      18
      17
      25
      14
      29
      20
      26
      16
      22
      17
      21
      20
      24
      25
      18
      25
      19
      18
      21
      10
      17
      20
      22
      12
      21
      16
      15
      17
      19
      25
      21
      22
      17
      20
       7
      12
      22
      23
      17
      13
      14
      14
      17
      25
      16
      20
      16
      15
      18
      21
      16
      14
      22
      16
      17
      18
      15
      15
      17
      21
      20
      25
      24
      19
      20
      13
      12
      11
      19
      21
      13
      12
      17
      18
      10
      15
      16
      14
      23
      26
      13
      17
      23
      19
      23
      12
      23
      17
      21
      18
      14
      17
      21
      16
       9
      27
      18
      16
      12
      22
      17
      17
      15
      13
      13
      20
      14
      19
      17
      19
      23
      14
      12
      12
      19
      16
      11
       8
      16
      19
      18
      19
      14
      19
      20
      21
      19
       9
      23
      17
      26
      23
      15
      11
      14
       9
      18
      15
      11
      18
      13
      21
      22
      15
      21
      21
      17
      12
      19
      17
       5
      21
      32
      21
      22
       9
      12
      14
      17
      10
      11
      13
      16
      25
      18
      17
      18
      19
      15
      21
      14
      18
      12
      26
      16
      12
      15
      16
      11
      13
      15
      22
      15
      18
      14
      17
      17
      17
      17
      13
      26
      13
      20
      16
      14
      10
      13
      12
      14
      19
      12
      11
      11
      13
      11
      15
      20
      18
      13
      15
      22
      23
      15
      23
      13
      15
      16
      21
      15
      12
      17
      15
      14
      17
      20
      22
      19
      19
      15
      12
      20
      13
      13
      14
      16
      16
      15
      12
       9
      16
      13
      15
      14
       9
      12
      20
      12
      13
      11
      15
      18
      12
      13
      19
       9
      18
      17
      12
      12
      15
      11
      18
      17
      15
      10
      14
      15
      13
      17
      12
      15
      15
      15
      14
      18
      11
      13
      18
      16
      16
      16
      15
      11
      17
      16
      12
      10
      14
      15
      13
      17
      11
      15
      14
      19
      16
      14
      14
      11
      12
      12
      15
      12
      16
      13
       9
      12
      19
      12
      16
      17
      16
       8
      14
      17
      16
      19
      20
      15
      13
      13
      18
      12
      16
      16
      17
      18
      14
      14
       8
      11
      22
      15
      14
      18
      12
      19
      12
      17
      18
       9
      16
      10
      17
      12
      11
      11
      17
      11
      11
      16
      18
      15
      15
      17
      11
       9
      13
      15
      17
      13
      11
      18
      16
       8
      19
      22
      11
      11
      10
      14
      16
      17
       9
      10
      10
      16
      14
      14
      18
       8
      12
      13
      19
      17
      18
      17
      11
      16
       8
      11
      12
      11
      14
      20
      11
      15
      15
      16
      11
      14
      12
      15
      10
      16
       9
      11
      10
      22
      12
      14
       8
      19
      13
      12
      16
      12
      11
      22
      15
      13
      12
      17
      10
       8
      23
      13
      14
       9
      19
      24
      15
      18
      19
      12
      10
      17
      13
      15
      17
      17
      14
      19
      15
      17
      11
       9
       9
       9
      14
      15
      14
       8
      16
      16
      17
      12
       9
      16
      20
      17
      11
      14
      19
      14
      12
      15
       8
      14
      14
      15
       8
      16
      17
      10
      17
      14
      13
      12
      13
      11
      13
      15
       8
      11
      14
      12
       8
      11
      18
      13
      15
      12
      13
      12
      14
      12
      12
       4
      12
       8
      17
       8
      17
      14
       8
      11
      14
      17
      13
      10
      14
      17
      14
      11
      18
      11
      15
      10
      13
      14
      12
       6
      11
      16
      12
      16
      13
      13
      11
      20
      14
      18
      13
      10
       7
      18
      12
      16
      22
      14
       8
      10
      14
      10
      14
       9
      12
      11
      11
      14
      12
      13
      10
      11
      12
      13
      12
      13
       5
      13
      15
      12
      10
      12
      13
      15
      16
       9
       9
      10
      11
       9
      12
      15
      11
      17
      19
       7
       9
      10
      15
      10
      12
      23
      15
      13
      10
      14
      13
      16
      13
       5
      16
      14
      14
      12
      12
      15
      12
      10
      16
      15
      17
       9
      12
      19
      10
       9
      15
       8
       9
      10
      14
      12
       9
      13
      11
      12
      15
      11
      10
       9
       9
      15
      11
      11
       7
      12
      15
      13
      16
      11
      11
      12
       9
      15
       9
      14
      13
       8
      12
      12
      14
       6
       8
      18
      12
      14
       9
      12
      11
      12
       7
      10
       8
       9
      13
      13
      11
       9
      13
      11
      15
       9
      13
      14
      13
      16
       5
      16
       9
       6
      13
      10
      11
      23
      11
       6
       9
      13
       9
       7
       8
      14
      13
      11
      13
      10
       7
      23
       9
      16
       7
      12
       6
       9
      15
       9
      14
       7
       5
      12
      16
      12
      10
      14
      16
       9
      18
       9
      11
      11
      11
       8
       8
       6
      13
      13
       8
      22
       8
      15
      11
       6
       6
      11
       9
       6
      18
      10
      13
       9
      12
      13
       5
      12
      14
       8
      12
       9
       6
       9
      11
       8
      18
      11
      18
       9
      14
      13
      16
       9
       7
       9
       5
       9
      10
       8
       6
      11
      12
       8
      18
      14
       8
       8
      18
       6
      10
      12
       9
      12
      14
       8
      16
      10
       9
       6
       9
       6
       8
      10
       6
      10
       8
      10
      10
       7
      11
       6
      11
       7
      15
       5
       7
      15
       9
       6
       7
       9
      11
       6
      15
       9
       6
       8
       9
       6
      11
       9
      10
       7
      12
      11
      11
       8
      13
      10
       8
       5
      16
      13
       6
      10
       5
       8
       8
       8
       6
      12
      12
      10
       6
      13
      10
       7
       8
      14
      10
       7
       7
      12
      11
       7
      13
      15
       9
      12
      10
       5
       7
       4
       6
       6
      10
       6
      11
      10
      10
      10
       9
       8
      10
      10
       6
      12
       7
      10
       5
       6
       7
       8
      11
       7
       9
      13
       4
      12
       8
       8
       8
       7
      15
       7
      13
       8
      11
      13
       7
       9
       9
      11
       7
       5
      10
       8
      12
       9
      10
       8
       9
       5
       7
      12
       6
       3
       5
       8
       9
      10
       3
      10
       8
       4
       7
       7
       4
       3
       8
      12
       7
       9
       9
      15
       6
       9
       9
       4
       7
       9
      14
      10
       7
       5
      13
      11
      11
      11
       8
       6
       9
       8
      13
       6
       7
       4
      10
       7
       8
      10
      17
       6
       9
      13
      11
      10
       9
       8
       9
       3
      18
      12
      12
       5
       9
       8
       6
       2
       6
      11
       9
       6
       6
       9
       5
       5
      12
      10
       3
       7
      10
      11
       7
      10
       4
       6
       3
       6
       8
       2
       9
       6
       9
       9
       9
       9
       2
       6
       3
       7
       5
      10
       7
       9
      11
       9
       3
       6
       1
       7
      15
       5
       7
       6
       6
       6
      12
      12
      10
      12
       7
       6
       9
       7
       7
       7
       6
      10
       9
      10
       8
       4
       9
       7
       7
       4
       8
       2
      13
       9
       8
       4
      15
       7
       7
       4
       9
      12
       3
       4
       7
       4
       6
       6
       7
       6
       5
       6
       6
      10
       9
       4
       5
       7
       2
      11
       7
      11
       6
      11
       3
       7
       6
       4
       9
       5
       7
      11
       8
       3
       5
       4
       7
       7
       6
       8
       5
       6
       3
       9
       4
       6
       6
       7
       8
       6
       8
       5
       9
       4
       7
      10
       5
       3
      11
       9
       9
       6
      12
       5
       6
       3
      10
       1
       3
       8
       5
       3
       8
       4
       5
       4
       8
       7
       2
       6
       3
       8
       4
       5
       8
       6
       6
       8
       5
       7
       6
       3
      10
       7
       6
       5
       5
       5
      10
       6
       3
       3
       9
       2
       6
       7
       1
       4
       5
       8
       4
       7
       5
       6
       3
       4
       2
       4
      11
      10
       8
       6
       8
       6
       8
       9
       4
       3
       8
       5
       5
       8
       6
       1
       6
       4
       6
       2
      10
       5
       5
       9
       9
       3
       6
       8
       6
       6
       5
       6
       6
       2
       3
       7
       7
       9
       1
       4
      12
       9
       4
       2
       4
       5
       3
       4
       1
       4
       3
       3
       7
       6
       9
       4
       6
       4
       2
       5
       5
       7
       4
       4
       2
       5
       3
       7
       7
       5
       2
       7
       8
       5
      12
       6
       7
       7
       4
       5
       3
       6
       7
       2
       3
       7
       1
       6
       6
       8
       5
       6
       5
       2
       5
       5
       6
       6
       5
       5
       5
       4
       6
       5
       8
       5
      12
       5
       3
      11
       7
       7
       3
       6
       6
       9
       7
       7
       7
       6
       9
       6
       3
       4
       4
      10
       7
       3
       5
       2
       8
       5
       5
       6
       7
       6
       6
       5
       8
       7
       8
       3
       7
       8
       5
       8
       4
       4
       2
       8
       4
       3
       6
       7
       4
       6
      12
       8
       5
       5
       6
       5
       7
       6
       5
       3
       7
       7
       6
       8
       3
       5
       4
       2
       4
       5
       7
      10
       5
       8
       5
      13
       4
       3
       8
       5
       8
       3
       3
       4
       8
       5
       2
       4
       9
       9
       5
       9
       3
       3
       8
       6
       9
       6
       6
       5
      10
       8
       8
       9
       3
       4
       6
       1
       6
       1
       8
       4
       3
       5
       9
       5
       9
       2
       5
       1
       6
       5
       3
      11
       7
       7
       9
       2
       7
       4
       4
       5
       8
       7
       1
       4
       5
       8
      10
       6
       2
       3
       9
       4
       6
       7
       6
       0
       7
       5
       9
       5
       7
       6
       7
       3
       0
       6
       3
       4
       6
      10
       7
       8
       8
       9
       9
       8
       2
       3
       9
       1
       5
      11
       4
       4
       5
       4
       7
       8
       8
       8
       7
       4
       4
       9
       8
       1
       4
      11
       7
       8
       8
       7
       9
       8
       8
       6
       7
       9
       8
       5
       4
      10
       7
       7
      10
       7
       6
       4
       4
      12
      15
       5
       8
       7
       8
       8
       6
       6
       9
       5
      15
       6
       6
       5
      10
       6
      14
       9
       6
       9
       4
      11
       9
      11
      10
      12
      19
      16
      14
      14
      10
      16
       9
      16
      16
      20
      19
      15
      22
      26
      23
      26
      28
      21
      31
      33
      42
      40
      51
      44
      56
      57
      68
      71
      62
      64
      85
      68
      82
      75
      58
      63
      68
      51
      57
      40
      47
      52
      45
      48
      22
      27
      25
      27
      22
      23
       7
      18
      16
       6
      16
       6
       7
       5
       2
       0
       4
       2
       0
       0
       0
       0
       1
       2
       1
       1
       0
       2
       0
       1
       0
       0
       0
       0
       0
       0
       1
       0
       0
       0
       0
       0
       0
       0
       1
       0
       0
       0
       1
       0
       2
       0
       0
       1
       0
       1
       0
       0
       0
       0
       0
       0
       0
       1
       0
       0
       0
       0
       0
       0
       1
       1
       1
       0
       0
       2
       0
       0
       0
       1
       0
       2
       0
       1
       0
       1
       0
       0
       0
       0
       0
       0
       0
       2
       0
       0
       0
       0
       0
       0
       1
       0
       0
       0
       0
       0
       0
       1
       0
       0
       0
       0
       0
       1
       0
       1
       0
       0
       0
       0
       0
       0
       0
       0
       0
       0
       0
       0
       0
       0
       2
       0
       0
       0
       0
       0
       0
       0
       0
       2
       0
       0
       0
       0
       0
       1
       0
       0
       0
       0
       0
       0
       0
       2
       0
       0
       0
       0
       0
       0
       1
       0
       0
       1
       0
       1
       0
       0
       0
       0
       0
       0
       0
       1
       0
       0
       0
       1
       0
       0
       0
       0
       1
       0
       0
       1
       1
       0
       0
       1
       0
       1
       0
       0
       1
       0
       0
       0
       2
       0
       0
       0
       0
       1
       0
       0
       0
       0
       0
       0
       0
       0
       0
       1
       0
       0
       0
       0
       0
       0
       0
       0
       0
       1
       0
       0
       0
       0
       0
       0
       0
       0
       0
       0
       0
       0
       0
       0
       1
       0
       0
       1
       0
       0
       1
       0
       1
       0
       0
       0
       0
       1
       2
       0
       0
       0
       1
       1
       0
       1
       0
       0
       1
       1
       0
       0
       0
       0
       0
       0
       0
       0
       0
       0
       0
       1
       1
       0
       0
       0
       0
       0
       0
       0
       0
       0
       0
       0
       0
       2
       0
       1
       1
       0
       1
       0
       0
       0
       0
       1
       0
       0
       0
       0
       0
       0
       0
       0
       0
       0
       0
       0
       0
       0
       0
       0
       0
       1
       0
       0
       0
       0
       0
       0
       0
       0
       0
       0
       0
       0
       0
       0
       0
       0
       0
       1
       0
       0
       0
       0
       0
       0
       0
       0
       0
       0
       0
       0
       1
       1
       0
       0
       0
       0
       0
       0
       0
       0
       0
       0
       0
       0
       0
       1
       0
       2
       0
       1
       0
       0
       1
       0
       0
       0
       0
       0
       0
       0
       0
       0
       0
       0
       0
       0
       0
       0
       0
       0
       0
       0
       0
       0
       0
       0
       0
       0
       0
       1
       0
       0
       0
       0
       1
       0
       0
       0
       1
       0
       0
       0
       0
       0
       0
       0
       0
       1
       0
       0
       0
       0
       0
       0
       0
       0
       1
       0
       0
       0
       0
       0
       0
       0
       0
       0
       0
       0
       0
       0
       0
       0
       0
       1
       0
       0
       0
       0
       0
       0
       0
       0
       0
       0
       0
       0
       0
       0
       0
       0
       0
       0
       0
       0
       0
       0
       0
       0
       0
       0
       0
       0
       0
       0
       0
       0
       0
       0
       0
       1
       1
       1
       0
       0
       0
       0
       0
       1
       0
       0
       1
       0
       1
       0
       1
       0
       1
       0
       0
       0
       1
       0
       0
       0
       0
       0
       0
       1
       0
       0
       0
       0
       0
       0
       0
       0
       0
       0
       0
       0
       1
       0
       0
       0
       0
       1
       0
       0
       0
       0
       0
       0
       0
       1
       0
       0
       0
       0
       0
       1
       0
       0
       0
       0
       1
       0
       0
       0
       0
       0
       0
       0
       0
       0
       0
       0
       0
       1
       0
       0
       0
       0
       0
       0
       0
       0
       0
       0
       0
       0
       0
       0
       0
       0
       0
       0
       0
       0
       0
       1
       0
       0
       0
       0
       0
       0
       0
       0
       0
       0
       1
       0
       0
       0
       0
       0
       0
       0
       0
       0
       2
       0
       0
       0
       0
       0
       0
       0
       0
       0
       0
       0
       0
       0
       0
       0
       0
       0
       0
       0
       0
       2
       1
       0
       0
       0
       1
       0
       0
       0
       0
       1
       0
       0
       0
       0
       0
       0
       0
       0
       0
       0
       0
       0
       1
       0
       0
       0
       0
       0
       1
       0
       0
       0
       1
       0
       0
       1
       0
       0
       0
       0
       0
       0
       0
       1
       0
       0
       0
       0
       1
       0
       1
       0
       0
       0
       0
       0
       0
       0
       0
       1
       0
       0
       0
       0
       0
       0
       0
       0
       0
       0
       0
       1
       0
       0
       0
       0
       0
       0
       0
       0
       1
       0
       0
       0
       0
       0
       0
       0
       0
       0
       0
       0
       0
       0
       1
       0
       0
       0
       0
       0
       0
       0
       0
       0
       0
       0
       0
       0
       0
       0
       0
       1
       0
       1
       0
       0
       0
       0
       0
       0
       2
       0
       1
       0
       0
       0
       0
       0
       0
       0
       0
       0
       0
       0
       0
       0
       0
       1
       0
       0
       0
       1
       0
       0
       0
       1
       0
       0
       0
       0
       0
       0
       0
       0
       0
       0
       0
       0
       0
       0
       0
       0
       0
       0
       0
       0
       0
       1
       0
       1
       0
       0
       0
       0
       0
       0
       1
       0
       0
       0
       0
       0
       0
       0
       0
       0
       0
       0
       0
       0
       0
       0
       0
       0
       0
       0
       0
       0
       0
       1
       1
       0
       0
       0
       0
       0
       0
       0
       0
       0
       0
       0
       0
       0
       0
       0
       0
       0
       0
       0
       0
       0
       0
       1
       0
       0
       0
       0
       0
       0
       1
       0
       0
       0
       0
       0
       0
       0
       0
       0
       0
       0
       1
       0
       1
       0
       0
       0
       0
       1
       0
       0
       0
       0
       0
       0
       0
       0
       0
       1
       0
       0
       0
       0
       0
       0
       0
       0
       0
       0
       0
       0
       0
       0
       0
       0
       0
       0
       0
       0
       0
       0
       0
       0
       0
       0
       0
       0
       0
       0
       0
       0
       0
       0
       0
       0
       0
       0
       0
       0
       0
       0
       0
       0
       0
       0
       0
       0
       0
       0
       0
       0
       0
       1
       0
       0
       0
       0
       0
       0
       0
       0
       0
       0
       0
       0
       0
       0
       0
       1
       3
       0
       0
       1
       0
       0
       0
       0
       0
       0
       0
       0
       0
       0
       1
       0
       0
       0
       0
       0
       0
       0
       0
       1
       0
       0
       1
       0
       1
       0
       0
       0
       1
       0
       0
       0
       0
       0
       0
       0
       0
       0
       0
       1
       0
       1
       0
       0
       0
       0
       1
       0
       0
       0
       0
       0
       0
       0
       0
       0
       0
       0
       0
       0
       0
       0
       0
       0
       0
       0
       0
       0
       0
       1
       0
       0
       0
       1
       0
       0
       0
       0
       0
       0
       0
       0
       0
       1
       0
       0
       0
       0
       1
       0
       0
       1
       0
       0
       0
       0
       0
       0
       0
       0
       0
       0
       0
       0
       1
       1
       1
       0
       0
       0
       0
       0
       0
       1
       0
       0
       0
       0
       0
       0
       0
       0
       0
       0
       0
       1
       0
       0
       0
       0
       0
       1
       0
       0
       0
       0
       0
       1
       0
       0
       0
       0
       1
       0
       0
       0
       0
       0
       0
       0
       0
       0
       0
       0
       0
       0
       0
       0
       0
       1
       1
       0
       0
       0
       0
       0
       0
       1
       0
       0
       0
       0
       0
       0
       0
       0
       0
       0
       0
       0
       0
       0
       0
       0
       1
       0
       0
       0
       0
       1
       0
       0
       0
       2
       0
       0
       0
       0
       1
       0
       0
       0
       0
       0
       0
       0
       0
       0
       0
       0
       0
       0
       0
       0
       0
       0
       0
       0
       0
       0
       0
       1
       0
       0
       0
       0
       0
       0
       0
       0
       0
       0
       0
       0
       0
       0
       0
       1
       0
       0
       0
       0
       0
       1
       0
       0
       0
       0
       0
       1
       0
       0
       0
       0
       0
       0
       0
       0
       0
       0
       0
       0
       0
       0
       0
       0
       0
       0
       0
       0
       0
       0
       0
       0
       0
       0
       0
       0
       0
       0
       0
       0
       0
       1
       0
       0
       0
       0
       0
       0
       0
       0
       0
       0
       0
       1
       0
       0
       0
       1
       0
       0
       0
       0
       0
       0
       0
       1
       0
       0
       0
       0
       0
       0
       0
       0
       0
       1
       0
       0
       0
       0
       0
       0
       0
       0
       0
       0
       0
       0
       0
       0
       0
       0
       0
       0
       0
       0
       0
       0
       0
       0
       0
       0
       0
       0
       0
       0
       0
       0
       0
       0
       0
       0
       0
       0
       0
       0
       0
       0
       1
       0
       0
       0
       0
       0
       0
       0
       0
       0
       0
       0
       0
       0
       0
       0
       0
       0
       0
       0
       0
       0
       0
       0
       0
       0
       0
       0
       0
       0
       0
       0
       0
       0
       0
       0
       1
       0
       0
       0
       0
       0
       0
       0
       0
       0
       0
       0
       0
       0
       0
       0
       0
       0
       0
       0
       1
       0
       0
       0
       0
       0
       0
       0
       0
       0
       0
       0
       0
       0
       0
       1
       0
       0
       0
       0
       0
       0
       0
       0
       0
       0
       0
       0
       0
       0
       0
       0
       0
       0
       0
       0
       0
       0
       0
       0
       0
       0
       0
       1
       0
       0
       0
       0
       0
       0
       0
       0
       0
       0
       0
       0
       0
       0
       0
       0
       0
       0
       0
       0
       0
       0
       0
       0
       0
       0
       0
       0
       0
       0
       0
       0
       0
       0
       0
       0
       0
       0
       0
       1
       0
       0
       0
       0
       0
       0
       1
       0
       0
       0
       0
       0
       0
       1
       0
       0
       0
       0
       0
       0
       0
       0
       0
       0
       0
       1
       0
       0
       0
       0
       0
       0
       0
       0
       0
       0
       0
       0
       0
       0
       1
       0
       0
       0
       0
       0
       0
       0
       0
       0
       1
       0
       0
       0
       0
       0
       0
       0
       0
       0
       0
       0
       0
       0
       0
       0
       0
       0
       0
       0
       0
       0
       0
       0
       0
       0
       0
       2
       0
       0
       0
       1
       0
       0
       0
       0
       0
       0
       0
       0
       0
       0
       0
       0
       0
       0
       0
       0
       0
       0
       1
       0
       0
       0
       0
       0
       0
       0
       0
       0
       0
       0
       0
       0
       0
       0
       0
       0
       0
       0
       0
       0
       0
       0
       0
       0
       0
       0
       0
       0
       0
       0
       0
       0
       0
       0
       0
       0
       0
       1
       0
       0
       0
       0
       0
       0
       0
       0
       0
       0
       0
       0
       0
       0
       0
       0
       0
       0
       1
       0
       0
       0
       1
       0
       0
       0
       0
       0
       0
       0
       0
       0
       0
       0
       0
       0
       0
       0
       0
       0
       0
       0
       0
       0
       0
       0
       1
       0
       0
       0
       0
       0
       0
       0
       0
       0
       0
       0
       0
       0
       0
       0
       0
       0
       0
       0
       0
       0
       0
       0
       0
       0
       0
       0
       0
       0
       0
       0
       0
       0
       0
       0
       0
       0
       0
       0
       0
       0
       0
       0
       0
       0
       0
       0
       0
       0
       0
       0
       0
       0
       0
       0
       0
       0
       0
       0
       0
       0
       0
       0
       0
       1
       0
       0
       1
       0
       0
       0
       0
       0
       0
       0
       0
       0
       0
       0
       0
       0
       0
       1
       0
       0
       0
       0
       0
       0
       0
       0
       0
       0
       0
       0
       0
       0
       0
       2
       0
       0
       1
       0
       0
       0
       1
       0
       0
       0
       0
       0
       0
       0
       0
       0
       0
       1
       0
       0
       0
       0
       0
       0
       0
       0
       0
       0
       0
       0
       0
       0
       1
       0
       0
       0
       0
       0
       0
       0
       0
       0
       0
       0
       0
       0
       1
       0
       0
       0
       0
       0
       0
       0
       0
       0
       0
       0
       0
       0
       0
       0
       0
       0
       0
       0
       0
       0
       0
       0
       0
       0
       0
       0
       0
       0
       0
       0
       0
       0
       0
       0
       0
       0
       0
       0
       0
       0
       0
       0
       0
       0
       0
       0
       0
       0
       0
       0
       0
       0
       0
       0
       0
       0
       0
       0
       0
       0
       0
       0
       0
       0
       0
       0
       0
       0
       0
       0
       0
       1
       0
       0
       0
       0
       0
       0
       0
       0
       0
       0
       0
       0
       0
       0
       0
       0
       0
       0
       0
       0
       0
       0
       0
       0
       0
       0
       0
       0
       0
       0
       0
       0
       0
       0
       0
       0
       0
       0
       0
       0
       0
       0
       0
       0
       0
       0
       0
       0
       0
       0
       0
       0
       0
       0
       0
       0
       0
       0
       0
       0
       0
       0
       0
       0
       0
       0
       0
       0
       0
       0
       0
       0
       0
       0
       0
       0
       0
       0
       0
       0
       0
       0
       0
       0
       0
       0
       0
       0
       0
       0
       0
       0
       0
       0
       0
       0
       0
       0
       0
       0
       0
       0
       0
       0
       0
       0
       0
       0
       0
       0
       0
       0
       0
       0
       0
       0
       0
       0
       0
       0
       0
       0
       0
       0
       0
       0
       0
       0
       0
       0
       0
       0
       0
       0
$ROI:
5
3516 3644
3758 3827
4216 4299
4315 4404
6118 6232
$PRESETS:
Live Time
4000
0
$ENER_FIT:
0.000000 0.106972
$MCA_CAL:
3
0.000000E+000 1.069716E-001 0.000000E+000 keV
$SHAPE_CAL:
3
1.002606E+001 0.000000E+000 0.000000E+000
